10
1|pepito|0.42857142857142855
3
1.0|2.0|3.0
2|zutano|0.6428571428571429
3
3.0|2.0|4.0
3|fulano|1.0714285714285714
3
5.0|5.0|5.0
4|yoan|1.3571428571428572
6
4.0|4.0|3.0|2.0|1.0|5.0
5|jhon|3.642857142857143
13
5.0|5.0|5.0|5.0|5.0|5.0|5.0|5.0|1.0|3.0|4.0|2.0|1.0
6|camilo|3.4285714285714284
12
1.0|2.0|3.0|4.0|5.0|6.0|7.0|8.0|9.0|0.0|1.0|2.0
7|cristian|1.9999999999999998
9
1.0|2.0|3.0|4.0|5.0|6.4|2.9|1.3|2.4
8|mengano|1.9999999999999998
9
1.0|2.0|3.0|4.0|5.0|6.4|2.9|1.3|2.4
9|Laura|3.0
14
1.0|2.0|3.0|4.0|5.0|6.4|2.9|1.3|2.4|3.0|4.0|1.0|5.0|1.0
10|Camila|1.7571428571428573
9
4.0|2.9|1.3|2.4|3.0|4.0|1.0|5.0|1.0
